component,size,proportion,mean.log_q1_depth,mean.log_q7_depth,mean.log_q30_depth,run
1,5,0.15294339129139722,0.8401177009541709,0.9212338150709976,1.0876319662278688,run_1
2,28,0.8470566087086028,1.5540831567891271,1.566215511025107,1.595107693836195,run_1
1,5,0.15294339129139722,0.8401177009541709,0.9212338150709976,1.0876319662278688,run_1
2,28,0.8470566087086028,1.5540831567891271,1.566215511025107,1.595107693836195,run_1
1,7,0.25647008996745635,0.8158168124742874,0.8759349794839768,1.0028347495063996,run_2
2,22,0.7435299100325437,1.6073076948589933,1.6187789016674923,1.6460162813309764,run_2
1,5,0.15284897927162647,0.8386898293408968,0.9198747855631552,1.0864745708647572,run_3
2,28,0.8471510207283736,1.555950441692081,1.5680104636721186,1.5967288939780215,run_3
1,12,0.4259085139871331,0.7706746361799801,0.8151548139507224,0.9148149681009774,run_4
2,17,0.5740914860128669,1.880537822001065,1.8879705912824287,1.9040690111414362,run_4
1,5,0.15262395128236733,0.8375859273068094,0.9181037511908147,1.0836641202781363,run_5
2,28,0.8473760487176326,1.5585593684334722,1.570535426429176,1.599085230329278,run_5
1,6,0.18124129960671723,0.6139645684023675,0.6579392870841134,0.7626843944088412,run_6
2,4,0.12121171461008068,1.091155730563682,1.1765942609279332,1.3433516121187,run_6
3,12,0.37592864466973663,1.4687993449812258,1.4850158072500876,1.5161290316871716,run_6
4,11,0.32161834111346554,1.6696572839402402,1.6811734632861617,1.7092530188624595,run_6
1,12,0.4206657078876941,0.771261778950177,0.8153230582244997,0.9146591348583952,run_7
2,17,0.579334292112306,1.878264081501583,1.8856886553553627,1.9019103256265801,run_7
1,5,0.15241852156088193,0.8411441231853096,0.9211193732586729,1.0855967400541844,run_8
2,28,0.8475814784391181,1.5602250789716436,1.5721881964103641,1.6011007251027924,run_8
1,5,0.15008981665191248,0.659702376210965,0.7109823966080802,0.8272406800684092,run_9
2,15,0.4181026316228451,1.4311453055044825,1.4455779105781559,1.479405672680074,run_9
3,6,0.18504208353764823,1.0202667748454046,1.0845371868545741,1.2048312962066843,run_9
4,7,0.2467654681875943,1.795590074221141,1.805442304988922,1.8295417423428797,run_9
1,6,0.17992744447805817,0.6106950416152769,0.6554667824563499,0.7617939776461089,run_10
2,4,0.12121172974346003,1.0857159193118355,1.1714590801512479,1.3380509149399908,run_10
3,12,0.37845303105282374,1.457134649845562,1.4736665400874072,1.5058923593099791,run_10
4,11,0.32040779472565817,1.6705031634449268,1.6820380326090536,1.7103487752090454,run_10
1,4,0.13793055445625527,0.8794882943101701,0.9489268021045806,1.0850503625591892,run_11
2,20,0.6262398639240809,1.5098983590456478,1.5221869419575207,1.5518170894236065,run_11
3,5,0.23582958161966389,1.484605824918042,1.5064959544013332,1.5628171767883317,run_11
1,7,0.22075327711074694,0.7779295972433723,0.8383992553616421,0.9675171799025356,run_12
2,26,0.7792467228892531,1.6390612572269467,1.6504229587737094,1.6770925254693239,run_12
1,3,0.09057426604012853,0.4353914621043464,0.4775469011563789,0.5921817174384553,run_13
2,5,0.15132703919830756,1.1412399591298332,1.2131655911088595,1.3593559716983088,run_13
3,8,0.2425878093806499,1.0324970732530023,1.0523582152054736,1.0949322015582603,run_13
4,3,0.0909329908186924,1.0574070147333594,1.1144442769188838,1.2093225261708191,run_13
5,14,0.42457789456222167,1.8124288299450118,1.8208303410108861,1.8419775167736236,run_13
1,9,0.30172910873934,0.8406475284254805,0.9052070472565702,1.0380497409275198,run_14
2,24,0.6982708912606599,1.538642594505597,1.5511779680812003,1.5801959118862252,run_14
1,4,0.13792984661833632,0.8977695655937865,0.9689864459592799,1.107347343709083,run_15
2,5,0.2361604034474728,1.4805480018927197,1.502452049859301,1.558818008980432,run_15
3,20,0.6259097499341909,1.511563101120632,1.5238425702077687,1.5534681844619642,run_15
1,4,0.12121212121212122,0.7733201939146945,0.8648505861647549,1.0571302069094004,run_16
2,13,0.4143831024804439,1.3222369171508825,1.3393650475280514,1.3783974021487668,run_16
3,16,0.46440477630743493,1.734392391456562,1.7427434978024974,1.7635444895591388,run_16
1,12,0.37879717407425667,0.8257961381056919,0.8834162207479399,1.0057029494922713,run_17
2,21,0.6212028259257433,1.6321188171868881,1.642458390882134,1.6654235177059233,run_17
1,12,0.37771860013100633,0.821053514432492,0.878745825892064,1.0010851986630365,run_18
2,21,0.6222813998689937,1.630972262555097,1.6412960901482814,1.6642337351849978,run_18
1,4,0.13793074123788895,0.8975349380760943,0.9678470876994618,1.1054121838228703,run_19
2,5,0.24404969620611722,1.4933366780187654,1.5147477405799992,1.5698174525973003,run_19
3,20,0.618019562555994,1.5042511012427773,1.5166166263809528,1.546540420451822,run_19
1,4,0.12121212121212122,0.778118175034592,0.8687488858476231,1.0591236071206889,run_20
2,13,0.41415597440920854,1.3190255583079822,1.3362377160969894,1.3755089280487258,run_20
3,16,0.46463190437867025,1.7367123658609651,1.7450775016293898,1.765974985642515,run_20
1,9,0.2968350739413933,0.8313026707271935,0.8966615263148576,1.0323868049198546,run_21
2,24,0.7031649260586068,1.5331737958051257,1.545727252280598,1.574869259304086,run_21
1,9,0.29486383187018117,0.8327471142759497,0.8980748680175388,1.0349297331222587,run_22
2,24,0.7051361681298186,1.5326337502150764,1.5451646779441155,1.574325891438203,run_22
1,7,0.25519127768054706,0.7289645297058589,0.7829265424061933,0.9012266196511556,run_23
2,22,0.7448087223194528,1.6548279661621534,1.6666238861601828,1.6944783540430537,run_23
1,4,0.12121212121212122,0.7804621415225284,0.8702334336885507,1.0588018050228727,run_24
2,14,0.4378189235166651,1.3480712516737234,1.3648483468156751,1.403116020503344,run_24
3,15,0.44096895527121366,1.7276681597883086,1.736374221912402,1.7579129037507477,run_24
1,9,0.2905404003505334,0.8403391995928511,0.9069221449523422,1.0459645572086893,run_25
2,24,0.7094595996494666,1.5310035957658124,1.5435835575465104,1.5729348677622415,run_25
1,4,0.14285714285714285,0.7769893557647473,0.8666255946222673,1.0545384067670913,run_26
2,11,0.38170792693436156,1.8764634434485759,1.885517206807499,1.907396586856302,run_26
3,13,0.47543493020849564,1.3034702777477087,1.3204808846430514,1.3600796914342372,run_26
1,7,0.21000866137084806,0.6969582846301615,0.7381813106990569,0.832809735408358,run_27
2,5,0.1516094354380822,1.047135090457812,1.1255396830781381,1.277383036290687,run_27
3,13,0.39557505677147875,1.4852480934712693,1.4990516725271303,1.5308058805996314,run_27
4,8,0.24280684641959097,1.816507455378938,1.8261674719814929,1.8499880277758747,run_27
1,4,0.13793065720951397,0.8989016156415247,0.9679013292862078,1.1032460572901255,run_28
2,5,0.22453110188439074,1.458523237484782,1.4811450220508018,1.5392834695132154,run_28
3,20,0.6375382409060953,1.5159445853359612,1.5284995191443003,1.5587230215996755,run_28
1,4,0.12121212121212113,0.779543653908027,0.8687106869121776,1.0554562609160958,run_29
2,16,0.4620443186618931,1.3779830345858985,1.3948268582113852,1.4326864805230701,run_29
3,13,0.41674356012598585,1.7094582946297534,1.7179823201961035,1.7393959048744763,run_29
1,5,0.15063625928106092,0.6139304951422283,0.6662581975904467,0.7887490314165856,run_30
2,5,0.1516125240306923,1.0652910304268968,1.1434098102751948,1.2961893364219255,run_30
3,23,0.6977512166882467,1.554232485475395,1.567266237993472,1.5973939243269146,run_30
1,6,0.17647065781710705,1.00712505891371,1.0888952487459105,1.2507374458850111,run_31
2,20,0.5552583071188655,1.321574170463256,1.3378992465787343,1.3754023140064364,run_31
3,8,0.26827103506402744,1.7399657056288667,1.7569198880409997,1.799174548851534,run_31
1,7,0.25750605119928116,0.7266477090593022,0.7798048287692378,0.8973871433788816,run_32
2,22,0.7424939488007188,1.6557218923976522,1.6676021856219743,1.6954728825238683,run_32
1,4,0.12121212121212532,0.7764819609480175,0.8647011162752499,1.050140630761546,run_33
2,16,0.4597182182815531,1.3767014550568601,1.3937689698748885,1.4317326307591807,run_33
3,13,0.4190696605063215,1.700122887141029,1.7087233081367115,1.730510319737371,run_33
1,4,0.11764710526984645,0.6036323985008626,0.6625210305145718,0.7978908347742456,run_34
2,19,0.5252313937372304,1.472276829852441,1.4856959076608038,1.5160393345604684,run_34
3,5,0.14705883092455746,1.075621153823142,1.1547499074597951,1.3069510248423253,run_34
4,6,0.21006267006836568,1.7807993934210304,1.7934836200394797,1.8250961905351013,run_34
1,4,0.11764706868405313,0.6036323953608673,0.6625210377433951,0.7978908622497938,run_35
2,19,0.5262247166491079,1.473341427913959,1.486889455396671,1.5177864702337276,run_35
3,5,0.14705882434910666,1.0822420200239786,1.1616562423255725,1.314760188317922,run_35
4,6,0.20906939031773236,1.7787076834065862,1.7914270390570048,1.823137858411668,run_35
1,11,0.37471006483131575,0.7064942207111717,0.7515073100373257,0.8528191462951837,run_36
2,18,0.6252899351686844,1.832044853031515,1.8410426589497964,1.8615488139902343,run_36
1,4,0.12121212121233575,0.7805545593746078,0.8681953799878082,1.052404990208247,run_37
2,17,0.5030850813319856,1.4245409982981565,1.4407667201526686,1.4765836618246386,run_37
3,12,0.37570279745567864,1.6636735469864832,1.6728912039276296,1.6964109218154664,run_37
1,6,0.17647058834710352,1.0100598133311725,1.092341764948361,1.253664423168573,run_38
2,8,0.2654470358011119,1.744681450199308,1.7618100478881862,1.8044115842586017,run_38
3,20,0.5580823758517846,1.316387910463659,1.3331545475493969,1.3718667809407097,run_38
1,6,0.1764705883017107,1.0060858657377638,1.0892351003215557,1.2519144135048001,run_39
2,8,0.2654178047665801,1.747564722216645,1.7646292896742655,1.8070706615393517,run_39
3,20,0.5581116069317094,1.3138042583061804,1.3306202621002985,1.369466144864197,run_39
1,5,0.17249461888336406,0.7537401381392649,0.8219973697414786,0.9654922927649067,run_40
2,24,0.8275053811166361,1.5436294550962393,1.5564102752469209,1.5876134801991413,run_40
1,4,0.12121212121222855,0.7809543811946275,0.8684094349341033,1.052336248067035,run_41
2,17,0.5043742089694883,1.4252800606406157,1.441520553652821,1.4772640567778617,run_41
3,12,0.3744136698182833,1.6614357555189456,1.670660528030731,1.694125551442951,run_41
1,7,0.2058302583572285,0.8863364727956095,0.9692037598221216,1.1381972310937682,run_42
2,20,0.5465403391245607,1.306793710748228,1.3236311677169208,1.3622684025661616,run_42
3,7,0.247629402518211,1.9186333754445226,1.9282263830131088,1.9513796120602458,run_42
1,4,0.1379135312120365,0.8837827916548988,0.9498370698153026,1.0788922576309035,run_43
2,9,0.3127953324014451,1.5074559024939085,1.525460577620977,1.5714294924559387,run_43
3,16,0.5492911363865184,1.4797962550870007,1.4936783385393364,1.5270229272590825,run_43
1,9,0.2724116630674975,0.8492741744727814,0.9194674465428369,1.0645629381450108,run_44
2,19,0.5545886091489015,1.3659449256735723,1.3815674263176454,1.4184954371495546,run_44
3,6,0.17299972778360093,2.195056769098963,2.2005980075505134,2.212652153921178,run_44
1,11,0.3760953966607107,0.7028008831878778,0.7475298700028483,0.8483122415628817,run_45
2,18,0.6239046033392894,1.8296115871170329,1.8385347672483978,1.8590337973436204,run_45
1,4,0.12121212121213308,0.777857135534425,0.8651921401608501,1.0494313864766411,run_46
2,17,0.5068851641109661,1.4181138361255397,1.4344658344639936,1.470457259822887,run_46
3,12,0.3719027146769009,1.6701909889295747,1.679265550894732,1.7021547311093639,run_46
1,6,0.176470588349969,0.9826359133923848,1.0669445738290595,1.23153862476253,run_47
2,20,0.5677902333227409,1.3073262651512556,1.3239424172159384,1.3625045595299958,run_47
3,8,0.2557391783272901,1.75436963499868,1.7718183665020366,1.815102076243553,run_47
1,4,0.11765326774972377,0.888358369802063,0.9699179448819759,1.132334794624267,run_48
2,19,0.5213702147703513,1.4276000750447455,1.4435418005559095,1.4788776880074608,run_48
3,11,0.3609765174799249,1.559855369394001,1.5745183536195717,1.6117280887108456,run_48
1,6,0.17647058840245344,0.9771385498588271,1.0612276881904583,1.2263556359751049,run_49
2,20,0.5681693064667391,1.307364892245254,1.32394949586147,1.3624892463065954,run_49
3,8,0.25536010513080737,1.7539014399634403,1.771385943630082,1.8147485846055493,run_49
1,4,0.11764961101882232,0.8885426690526586,0.9705011617703478,1.1340401315451825,run_50
2,19,0.5213850477684514,1.4273420569690252,1.4432888043082113,1.478639233402007,run_50
3,11,0.3609653412127262,1.5602288936766913,1.574884741947574,1.6120736343082027,run_50
1,4,0.11764758356528071,0.8897213769209426,0.972513936945134,1.137804106147169,run_51
2,19,0.5213209162240335,1.4266367026760114,1.4425980108232535,1.4779897394432693,run_51
3,11,0.36103150021068564,1.5612212530701166,1.5758563995595174,1.612985376775723,run_51
1,6,0.1764705884202555,0.9816115708671381,1.0653332140379537,1.2296596075682007,run_52
2,20,0.5671801622798676,1.3083271886825196,1.324959148876595,1.363769441145239,run_52
3,8,0.2563492492998769,1.7540379496562342,1.7714599111595992,1.8146886328864829,run_52
1,5,0.14705882440004397,0.7569365908760469,0.8394155707556028,1.0134206981043212,run_53
2,16,0.4762325951483343,1.4076903761195365,1.424275657169537,1.4606729439572905,run_53
3,13,0.3767085804516217,1.677650866895026,1.686752995672659,1.7099306776937127,run_53
1,6,0.17647058888889852,0.9855916099915353,1.0690241806101426,1.2323659373878921,run_54
2,8,0.25790984624024776,1.7529919861407626,1.7703690033516666,1.8134613524891416,run_54
3,20,0.5656195648708537,1.308119431057429,1.3247824295728343,1.363614052470266,run_54
1,5,0.1470588238059727,0.7545427507907783,0.8370073897891352,1.010870675614366,run_55
2,16,0.47408381164365804,1.4046229759538709,1.4212172866127486,1.4576704301155086,run_55
3,13,0.3788573645503693,1.6800630245582533,1.6891553709464044,1.7123224047195036,run_55
1,10,0.30395947288024344,0.8902536916878236,0.9557388217080263,1.0919557762188015,run_56
2,24,0.6960405271197565,1.5710668532217826,1.5835573022877778,1.6127737693697553,run_56
1,5,0.14705882366487832,0.7532154669028897,0.8358270668183079,1.0100786577060974,run_57
2,16,0.4789001061704555,1.4081905772782253,1.4246533919426796,1.4608228405513313,run_57
3,13,0.37404107016466626,1.678542870801699,1.68767924020639,1.7108520824611135,run_57
1,10,0.3038308847129472,0.8919350066627207,0.9572055602762015,1.0934469225847483,run_58
2,24,0.6961691152870528,1.5718076215401138,1.5842979680024996,1.6135789415661888,run_58
1,5,0.14705882376006582,0.7542374407022738,0.8371675219888922,1.0124454448179414,run_59
2,17,0.48403159244687105,1.4117996174648788,1.4281246100903688,1.4640600422949572,run_59
3,12,0.3689095837930631,1.6811420266006007,1.6902579559874347,1.7132831853437724,run_59
1,10,0.3035841060806484,0.8940219524047218,0.9591177866160117,1.0950233001981384,run_60
2,24,0.6964158939193517,1.5726298860146566,1.585184470404494,1.614623307005787,run_60
1,13,0.3842862385538192,0.8163087581011896,0.8644699208367298,0.9699121407561947,run_61
2,22,0.6157137614461808,1.7865153646906504,1.7941821087237868,1.8115696470104994,run_61
1,10,0.30382449729542726,0.8946157107879946,0.9595453315668271,1.095090100628683,run_62
2,24,0.6961755027045725,1.5728055211390068,1.5853656893910801,1.6147990393019245,run_62
1,8,0.24301349738079356,0.8002059279612289,0.8602386380262937,0.9870473036219629,run_63
2,28,0.7569865026192064,1.5931006636119618,1.6047030301557719,1.6319482387969104,run_63
1,12,0.30681907253630253,0.852390161554725,0.911924000747068,1.0353816610015816,run_64
2,30,0.6931809274636974,1.6236671104506886,1.6352787090614516,1.6620609576204992,run_64
1,7,0.16666698633663654,0.9361696325188433,1.0160055834691701,1.1749107801354868,run_65
2,13,0.30124630293184207,1.6551095783248293,1.6692117323005866,1.7043397145249206,run_65
3,22,0.5320867107315215,1.3761320626422087,1.3925822145452156,1.4291817471414787,run_65
