mod_nm,num_clust,num_obs,df,bic,loglik,run
EVV,2,33,18,331.2438284360292,197.09048227121292,run_1
EVV,2,33,18,331.2438284360292,197.09048227121292,run_1
VVE,2,29,16,279.95982032724373,166.91827680351366,run_2
EVV,2,33,18,333.9099349570455,198.42353553172106,run_3
VVE,2,29,16,277.6690115714582,165.7728724256209,run_4
EVV,2,33,18,337.4458976640867,200.19151688524167,run_5
EVV,4,33,36,323.2967715128747,224.585521862834,run_6
VVE,2,29,16,281.0334894055744,167.455111342679,run_7
EVV,2,33,18,344.38248075783883,203.65980843211773,run_8
EVV,4,33,36,321.61987102335837,223.74707161807584,run_9
EVV,4,33,36,311.97169485313043,218.92298353296187,run_10
EVE,3,29,21,309.98193231074856,190.34757237023226,run_11
VVV,2,33,19,349.85960939612227,208.1466265319927,run_12
EEV,5,33,37,315.9489795492191,222.6598796617394,run_13
VVV,2,33,19,310.95243757558393,188.69304062172353,run_14
EVE,3,29,21,308.93324168767373,189.82322705869484,run_15
EVV,3,33,27,371.3426923547767,232.87419825718584,run_16
VVV,2,33,19,308.1135007235717,187.2735721957174,run_17
VVV,2,33,19,307.8692824382506,187.15146305305686,run_18
EVE,3,29,21,312.70549244476973,191.70935243724284,run_19
EVV,3,33,27,373.16068976016425,233.7831969598796,run_20
VVV,2,33,19,313.7562223952193,190.09493303154122,run_21
VVV,2,33,19,315.72611203124467,191.0798778495539,run_22
VVV,2,29,19,296.14344861988167,180.06103469481235,run_23
EVV,3,33,27,379.33646489384455,236.87108452671976,run_24
VVV,2,33,19,317.4805096023772,191.95707663512016,run_25
EVV,3,28,27,311.6725755798891,200.82104867730982,run_26
EVV,4,33,36,372.0900702728701,248.9821712428317,run_27
EVE,3,29,21,313.71198270442187,192.2125975670689,run_28
EVV,3,33,27,364.70514791871335,229.55542603915416,run_29
EVV,3,33,27,343.866814374315,219.136259266955,run_30
EVE,3,34,21,346.8820298619406,210.46780043944,run_31
VVV,2,29,19,296.49139069323485,180.23500573148894,run_32
EVV,3,33,27,366.66163016485615,230.53366716222556,run_33
EVV,4,34,36,373.2160247001186,250.08250179315021,run_34
EVV,4,34,36,384.9935951640053,255.97128702509355,run_35
VVV,2,29,19,289.1211256696619,176.54987321970248,run_36
EVV,3,33,27,371.1147725472187,232.76023835340683,run_37
EVE,3,34,21,358.12083241719006,216.08720171706472,run_38
EVE,3,34,21,361.30304171242653,217.67830636468295,run_39
EVV,2,29,18,290.71773080332696,175.66452787154174,run_40
EVV,3,33,27,370.9075050708877,232.65660461524132,run_41
EVE,3,34,21,344.09510599223194,209.07433850458565,run_42
EVE,3,29,21,309.5111363961291,190.1121744129225,run_43
VVV,3,34,29,351.29189692993214,226.77817607190042,run_44
VVV,2,29,19,290.8907696932711,177.43469523150708,run_45
EVV,3,33,27,372.1114677888264,233.2585859742107,run_46
EVE,3,34,21,360.90338568663134,217.47847835178536,run_47
EVE,3,34,21,352.2013598525388,213.1274654347391,run_48
EVE,3,34,21,360.3725735387315,217.21307227783544,run_49
EVE,3,34,21,352.90426273838574,213.47891687766256,run_50
EVE,3,34,21,355.22677939874643,214.6401752078429,run_51
EVE,3,34,21,363.7112394546493,218.88240523579432,run_52
EVV,3,34,27,356.10372199370875,225.65772807917256,run_53
EVE,3,34,21,363.37248935108545,218.7130301840124,run_54
EVV,3,34,27,355.8989510961784,225.55534263040738,run_55
VVV,2,34,19,344.15515349084717,205.5780017292771,run_56
EVV,3,34,27,356.9789004612899,226.09531731296315,run_57
VVV,2,34,19,345.2730303318124,206.1369401497597,run_58
EVV,3,34,27,360.2178606834596,227.714797424048,run_59
VVV,2,34,19,345.80052095415465,206.40068546093087,run_60
VVV,2,35,19,367.6864799057658,217.61904653703232,run_61
VVV,2,34,19,345.6095210542695,206.3051855109883,run_62
EVV,2,36,18,378.4997995550836,221.50157022364678,run_63
VVV,2,42,19,442.60863020438313,256.8121764758836,run_64
EVE,3,42,21,452.299512706865,265.3952873454079,run_65
